START
0.637|0.821|0.592|0.783|0.558|0.732|0.533|0.688|0.513|0.651|0.579|0.681|0.563|0.598|0.552|0.545|0.542|0.507|0.616|0.675|0.608|0.583|0.600|0.527|0.591|0.485|0.649|0.684|0.648|0.594|0.642|0.541|0.636|0.502|0.679|0.701|0.684|0.634|0.683|0.589|0.679|0.555|0.0|0.0|0.0|0.0|0.0|0.0|0.0|0.0|0.0|0.0|0.0|0.0|0.0|0.0|0.0|0.0|0.0|0.0|0.0|0.0|0.0|0.0|0.0|0.0|0.0|0.0|0.0|0.0|0.0|0.0|0.0|0.0|0.0|0.0|0.0|0.0|0.0|0.0|0.0|0.0|0.0|0.0|
0.216|0.773|0.263|0.731|0.298|0.674|0.325|0.628|0.352|0.597|0.273|0.577|0.293|0.494|0.302|0.440|0.307|0.395|0.239|0.564|0.242|0.466|0.242|0.405|0.242|0.357|0.208|0.568|0.203|0.481|0.201|0.426|0.200|0.383|0.178|0.586|0.165|0.519|0.159|0.474|0.155|0.435|0.618|0.670|0.573|0.653|0.539|0.600|0.514|0.554|0.494|0.512|0.574|0.494|0.560|0.412|0.552|0.355|0.547|0.310|0.608|0.481|0.608|0.387|0.606|0.323|0.606|0.272|0.639|0.483|0.643|0.394|0.643|0.337|0.643|0.290|0.668|0.500|0.679|0.432|0.683|0.387|0.685|0.349|0.626|0.757|0.574|0.687|0.544|0.619|0.522|0.567|0.503|0.523|0.585|0.576|0.581|0.518|0.578|0.476|0.574|0.438|0.608|0.578|0.613|0.520|0.612|0.474|0.611|0.434|0.631|0.587|0.639|0.532|0.639|0.484|0.639|0.444|0.653|0.607|0.662|0.556|0.667|0.518|0.671|0.484|
0.217|0.744|0.263|0.713|0.302|0.657|0.333|0.609|0.358|0.571|0.277|0.537|0.297|0.455|0.304|0.400|0.308|0.357|0.243|0.522|0.247|0.426|0.247|0.364|0.247|0.317|0.210|0.527|0.208|0.436|0.206|0.380|0.205|0.338|0.180|0.548|0.167|0.480|0.160|0.435|0.156|0.397|0.617|0.711|0.570|0.664|0.540|0.592|0.520|0.535|0.497|0.495|0.577|0.526|0.569|0.461|0.563|0.414|0.558|0.372|0.605|0.520|0.606|0.452|0.605|0.402|0.606|0.358|0.632|0.524|0.636|0.457|0.637|0.405|0.638|0.360|0.658|0.540|0.666|0.477|0.673|0.432|0.679|0.393|
0.223|0.679|0.275|0.630|0.314|0.567|0.346|0.519|0.372|0.481|0.284|0.452|0.305|0.378|0.314|0.326|0.321|0.281|0.254|0.437|0.257|0.352|0.258|0.294|0.259|0.243|0.224|0.440|0.222|0.360|0.222|0.307|0.223|0.262|0.196|0.459|0.182|0.400|0.174|0.358|0.169|0.319|0.634|0.651|0.581|0.598|0.550|0.527|0.527|0.473|0.503|0.434|0.583|0.459|0.573|0.393|0.566|0.346|0.559|0.305|0.611|0.453|0.609|0.385|0.606|0.335|0.605|0.293|0.639|0.458|0.640|0.391|0.637|0.340|0.636|0.296|0.667|0.474|0.671|0.414|0.671|0.372|0.672|0.335|
0.228|0.657|0.277|0.621|0.319|0.556|0.351|0.508|0.376|0.471|0.288|0.441|0.308|0.362|0.316|0.311|0.320|0.269|0.257|0.428|0.261|0.333|0.262|0.274|0.260|0.226|0.227|0.433|0.224|0.346|0.222|0.294|0.219|0.251|0.197|0.455|0.183|0.389|0.175|0.346|0.168|0.307|0.637|0.607|0.587|0.582|0.552|0.520|0.531|0.467|0.507|0.433|0.581|0.403|0.566|0.330|0.559|0.280|0.553|0.237|0.614|0.387|0.612|0.310|0.611|0.256|0.612|0.212|0.644|0.386|0.648|0.312|0.649|0.260|0.649|0.216|0.672|0.400|0.685|0.336|0.689|0.294|0.693|0.255|
0.231|0.650|0.280|0.617|0.321|0.554|0.354|0.504|0.380|0.467|0.288|0.435|0.309|0.355|0.317|0.304|0.322|0.260|0.257|0.421|0.260|0.326|0.260|0.268|0.259|0.222|0.227|0.425|0.223|0.337|0.221|0.286|0.219|0.245|0.198|0.446|0.182|0.382|0.174|0.339|0.167|0.301|0.641|0.601|0.589|0.584|0.552|0.520|0.530|0.468|0.505|0.433|0.582|0.393|0.564|0.312|0.555|0.260|0.550|0.218|0.616|0.376|0.613|0.280|0.611|0.218|0.609|0.171|0.648|0.378|0.651|0.288|0.650|0.234|0.649|0.191|0.676|0.396|0.688|0.325|0.692|0.282|0.695|0.244|
0.257|0.677|0.307|0.646|0.347|0.585|0.377|0.543|0.402|0.515|0.319|0.448|0.337|0.363|0.344|0.308|0.348|0.260|0.284|0.432|0.285|0.328|0.284|0.262|0.282|0.209|0.251|0.438|0.246|0.340|0.245|0.278|0.243|0.230|0.219|0.464|0.201|0.392|0.190|0.345|0.181|0.304|0.661|0.645|0.606|0.622|0.567|0.553|0.543|0.496|0.517|0.455|0.606|0.419|0.587|0.327|0.577|0.269|0.572|0.223|0.641|0.403|0.640|0.297|0.639|0.229|0.640|0.177|0.674|0.407|0.680|0.311|0.681|0.251|0.682|0.205|0.704|0.429|0.719|0.357|0.724|0.312|0.729|0.274|
0.255|0.684|0.307|0.650|0.349|0.585|0.381|0.542|0.408|0.515|0.318|0.449|0.339|0.364|0.347|0.308|0.352|0.261|0.283|0.433|0.285|0.329|0.284|0.263|0.282|0.212|0.250|0.438|0.246|0.340|0.244|0.281|0.242|0.235|0.218|0.463|0.201|0.392|0.190|0.345|0.182|0.304|0.664|0.658|0.607|0.632|0.567|0.557|0.545|0.498|0.518|0.457|0.604|0.416|0.586|0.328|0.577|0.271|0.573|0.225|0.641|0.399|0.639|0.293|0.639|0.226|0.640|0.174|0.674|0.405|0.679|0.308|0.680|0.250|0.680|0.204|0.704|0.428|0.718|0.357|0.724|0.313|0.727|0.276|
0.271|0.697|0.322|0.663|0.364|0.593|0.399|0.543|0.430|0.514|0.336|0.454|0.353|0.363|0.360|0.306|0.365|0.258|0.298|0.437|0.299|0.328|0.298|0.260|0.296|0.206|0.263|0.442|0.258|0.341|0.256|0.281|0.254|0.232|0.228|0.469|0.212|0.395|0.201|0.347|0.192|0.305|0.677|0.675|0.619|0.641|0.577|0.559|0.552|0.499|0.525|0.460|0.620|0.425|0.602|0.329|0.593|0.269|0.588|0.220|0.656|0.408|0.655|0.295|0.654|0.224|0.656|0.169|0.690|0.414|0.695|0.310|0.697|0.249|0.699|0.199|0.721|0.438|0.735|0.363|0.742|0.316|0.746|0.276|
0.273|0.702|0.326|0.665|0.365|0.588|0.392|0.530|0.416|0.494|0.337|0.454|0.357|0.360|0.366|0.302|0.371|0.252|0.301|0.437|0.305|0.325|0.304|0.256|0.301|0.201|0.267|0.442|0.263|0.338|0.262|0.277|0.259|0.228|0.233|0.468|0.215|0.395|0.204|0.346|0.194|0.302|0.692|0.678|0.632|0.645|0.588|0.563|0.562|0.501|0.533|0.462|0.627|0.419|0.610|0.323|0.602|0.263|0.598|0.216|0.664|0.404|0.664|0.290|0.665|0.222|0.666|0.169|0.699|0.410|0.705|0.305|0.707|0.244|0.708|0.195|0.731|0.435|0.746|0.358|0.753|0.310|0.758|0.270|
0.274|0.706|0.328|0.665|0.370|0.587|0.399|0.524|0.425|0.486|0.339|0.455|0.358|0.361|0.367|0.302|0.372|0.253|0.302|0.438|0.305|0.325|0.305|0.256|0.302|0.202|0.267|0.443|0.263|0.338|0.262|0.276|0.260|0.227|0.233|0.468|0.215|0.393|0.204|0.344|0.195|0.300|0.698|0.684|0.637|0.649|0.593|0.566|0.566|0.501|0.538|0.462|0.634|0.423|0.617|0.325|0.608|0.264|0.604|0.214|0.671|0.407|0.669|0.293|0.668|0.222|0.669|0.167|0.705|0.413|0.709|0.307|0.711|0.244|0.712|0.194|0.737|0.437|0.750|0.360|0.757|0.311|0.762|0.270|
0.280|0.716|0.330|0.677|0.370|0.604|0.396|0.546|0.421|0.509|0.340|0.467|0.359|0.372|0.369|0.315|0.375|0.265|0.306|0.450|0.310|0.337|0.311|0.268|0.310|0.214|0.273|0.456|0.267|0.351|0.267|0.288|0.266|0.239|0.238|0.481|0.220|0.404|0.209|0.353|0.200|0.309|0.710|0.697|0.649|0.662|0.604|0.578|0.578|0.513|0.549|0.472|0.644|0.437|0.627|0.338|0.619|0.276|0.614|0.227|0.681|0.421|0.680|0.302|0.680|0.230|0.681|0.175|0.716|0.426|0.721|0.316|0.723|0.252|0.724|0.201|0.748|0.450|0.762|0.370|0.769|0.320|0.774|0.277|
0.275|0.758|0.329|0.714|0.370|0.643|0.403|0.586|0.431|0.544|0.334|0.523|0.353|0.427|0.364|0.366|0.374|0.315|0.302|0.507|0.309|0.390|0.315|0.318|0.319|0.261|0.270|0.509|0.269|0.399|0.272|0.333|0.275|0.281|0.237|0.528|0.226|0.444|0.221|0.389|0.218|0.343|0.709|0.735|0.651|0.685|0.612|0.594|0.590|0.526|0.568|0.477|0.658|0.473|0.638|0.378|0.625|0.321|0.616|0.273|0.691|0.463|0.684|0.360|0.681|0.304|0.680|0.260|0.722|0.468|0.723|0.373|0.722|0.323|0.723|0.284|0.750|0.488|0.756|0.414|0.758|0.374|0.761|0.345|
0.0|0.0|0.0|0.0|0.0|0.0|0.0|0.0|0.0|0.0|0.0|0.0|0.0|0.0|0.0|0.0|0.0|0.0|0.0|0.0|0.0|0.0|0.0|0.0|0.0|0.0|0.0|0.0|0.0|0.0|0.0|0.0|0.0|0.0|0.0|0.0|0.0|0.0|0.0|0.0|0.0|0.0|0.701|0.768|0.651|0.711|0.617|0.617|0.600|0.545|0.583|0.491|0.660|0.515|0.649|0.428|0.638|0.391|0.629|0.368|0.690|0.510|0.684|0.419|0.674|0.386|0.665|0.366|0.719|0.516|0.716|0.430|0.706|0.401|0.698|0.384|0.746|0.532|0.746|0.458|0.736|0.432|0.727|0.419|
END
START
0.334|0.839|0.377|0.791|0.408|0.716|0.421|0.649|0.430|0.600|0.373|0.603|0.385|0.501|0.391|0.436|0.394|0.385|0.332|0.592|0.328|0.475|0.326|0.403|0.325|0.350|0.296|0.603|0.283|0.496|0.277|0.430|0.274|0.382|0.264|0.635|0.241|0.562|0.228|0.512|0.218|0.469|0.615|0.786|0.571|0.734|0.550|0.643|0.540|0.572|0.523|0.515|0.602|0.540|0.595|0.441|0.592|0.378|0.591|0.327|0.636|0.537|0.648|0.427|0.654|0.355|0.659|0.299|0.666|0.554|0.686|0.454|0.696|0.391|0.703|0.342|0.690|0.585|0.714|0.513|0.726|0.466|0.734|0.426|
0.337|0.788|0.387|0.742|0.431|0.663|0.461|0.598|0.483|0.554|0.386|0.552|0.400|0.460|0.408|0.401|0.415|0.353|0.350|0.539|0.348|0.429|0.346|0.359|0.344|0.303|0.317|0.546|0.303|0.443|0.295|0.382|0.291|0.332|0.286|0.571|0.259|0.501|0.244|0.456|0.234|0.415|0.616|0.755|0.574|0.694|0.560|0.603|0.557|0.538|0.544|0.489|0.612|0.498|0.613|0.406|0.612|0.348|0.612|0.301|0.643|0.498|0.660|0.393|0.668|0.326|0.674|0.273|0.668|0.514|0.695|0.420|0.705|0.361|0.713|0.312|0.688|0.546|0.714|0.478|0.727|0.433|0.736|0.394|
0.357|0.765|0.404|0.722|0.435|0.640|0.444|0.574|0.450|0.526|0.396|0.514|0.404|0.417|0.408|0.361|0.410|0.317|0.361|0.505|0.354|0.394|0.351|0.325|0.348|0.273|0.329|0.516|0.314|0.416|0.306|0.356|0.301|0.310|0.299|0.546|0.274|0.476|0.257|0.430|0.244|0.390|0.616|0.742|0.577|0.682|0.563|0.594|0.563|0.531|0.551|0.483|0.614|0.483|0.616|0.393|0.616|0.339|0.618|0.293|0.644|0.483|0.660|0.380|0.669|0.317|0.677|0.268|0.669|0.499|0.697|0.407|0.709|0.352|0.717|0.307|0.690|0.530|0.718|0.464|0.733|0.421|0.744|0.384|
0.361|0.763|0.409|0.713|0.433|0.624|0.438|0.547|0.444|0.490|0.396|0.510|0.407|0.416|0.412|0.362|0.414|0.318|0.363|0.499|0.360|0.391|0.358|0.326|0.355|0.274|0.333|0.508|0.318|0.408|0.312|0.350|0.308|0.305|0.303|0.535|0.278|0.468|0.262|0.425|0.250|0.387|0.617|0.738|0.576|0.682|0.562|0.594|0.564|0.531|0.553|0.487|0.614|0.477|0.616|0.390|0.617|0.337|0.620|0.293|0.644|0.477|0.662|0.377|0.672|0.315|0.680|0.268|0.669|0.493|0.697|0.403|0.710|0.349|0.719|0.305|0.688|0.524|0.717|0.461|0.732|0.419|0.744|0.383|
0.362|0.764|0.410|0.716|0.438|0.629|0.448|0.553|0.456|0.496|0.403|0.509|0.417|0.417|0.422|0.363|0.424|0.320|0.368|0.496|0.364|0.388|0.361|0.323|0.357|0.274|0.335|0.505|0.318|0.406|0.313|0.349|0.308|0.305|0.304|0.533|0.278|0.466|0.262|0.423|0.250|0.386|0.617|0.740|0.576|0.684|0.563|0.595|0.564|0.532|0.553|0.486|0.615|0.478|0.618|0.392|0.619|0.338|0.621|0.294|0.645|0.478|0.663|0.378|0.672|0.317|0.681|0.269|0.670|0.495|0.697|0.404|0.710|0.351|0.720|0.307|0.689|0.525|0.717|0.462|0.732|0.421|0.744|0.385|
0.386|0.766|0.428|0.707|0.450|0.620|0.461|0.555|0.468|0.505|0.408|0.516|0.417|0.433|0.425|0.384|0.433|0.344|0.380|0.502|0.376|0.393|0.377|0.327|0.380|0.274|0.353|0.506|0.334|0.405|0.328|0.344|0.326|0.293|0.325|0.528|0.296|0.457|0.280|0.409|0.270|0.365|0.617|0.725|0.579|0.649|0.575|0.570|0.577|0.517|0.573|0.469|0.619|0.480|0.626|0.391|0.628|0.334|0.633|0.287|0.635|0.473|0.647|0.371|0.653|0.305|0.660|0.251|0.648|0.477|0.668|0.377|0.677|0.315|0.683|0.264|0.660|0.487|0.682|0.406|0.690|0.354|0.693|0.311|
0.360|0.709|0.330|0.653|0.311|0.582|0.296|0.531|0.276|0.496|0.334|0.499|0.334|0.389|0.337|0.323|0.342|0.275|0.358|0.502|0.372|0.385|0.387|0.313|0.403|0.262|0.386|0.521|0.415|0.419|0.439|0.366|0.460|0.326|0.415|0.554|0.443|0.485|0.462|0.447|0.479|0.415|0.0|0.0|0.0|0.0|0.0|0.0|0.0|0.0|0.0|0.0|0.0|0.0|0.0|0.0|0.0|0.0|0.0|0.0|0.0|0.0|0.0|0.0|0.0|0.0|0.0|0.0|0.0|0.0|0.0|0.0|0.0|0.0|0.0|0.0|0.0|0.0|0.0|0.0|0.0|0.0|0.0|0.0|
0.362|0.710|0.325|0.658|0.300|0.587|0.280|0.532|0.258|0.495|0.333|0.498|0.334|0.383|0.338|0.315|0.345|0.266|0.362|0.501|0.383|0.379|0.400|0.307|0.416|0.261|0.394|0.521|0.430|0.422|0.455|0.376|0.472|0.349|0.425|0.552|0.456|0.481|0.474|0.449|0.487|0.428|0.0|0.0|0.0|0.0|0.0|0.0|0.0|0.0|0.0|0.0|0.0|0.0|0.0|0.0|0.0|0.0|0.0|0.0|0.0|0.0|0.0|0.0|0.0|0.0|0.0|0.0|0.0|0.0|0.0|0.0|0.0|0.0|0.0|0.0|0.0|0.0|0.0|0.0|0.0|0.0|0.0|0.0|
0.362|0.712|0.325|0.658|0.300|0.585|0.280|0.530|0.258|0.493|0.333|0.497|0.334|0.383|0.338|0.315|0.345|0.266|0.362|0.501|0.383|0.379|0.400|0.308|0.416|0.261|0.394|0.521|0.430|0.423|0.453|0.377|0.469|0.350|0.424|0.553|0.454|0.481|0.471|0.449|0.483|0.429|0.0|0.0|0.0|0.0|0.0|0.0|0.0|0.0|0.0|0.0|0.0|0.0|0.0|0.0|0.0|0.0|0.0|0.0|0.0|0.0|0.0|0.0|0.0|0.0|0.0|0.0|0.0|0.0|0.0|0.0|0.0|0.0|0.0|0.0|0.0|0.0|0.0|0.0|0.0|0.0|0.0|0.0|
0.369|0.717|0.321|0.666|0.286|0.591|0.260|0.529|0.234|0.487|0.346|0.497|0.348|0.377|0.351|0.305|0.356|0.253|0.386|0.506|0.411|0.386|0.428|0.321|0.442|0.278|0.420|0.529|0.451|0.429|0.467|0.378|0.476|0.348|0.447|0.557|0.472|0.480|0.484|0.442|0.490|0.417|0.0|0.0|0.0|0.0|0.0|0.0|0.0|0.0|0.0|0.0|0.0|0.0|0.0|0.0|0.0|0.0|0.0|0.0|0.0|0.0|0.0|0.0|0.0|0.0|0.0|0.0|0.0|0.0|0.0|0.0|0.0|0.0|0.0|0.0|0.0|0.0|0.0|0.0|0.0|0.0|0.0|0.0|
0.369|0.722|0.320|0.672|0.285|0.596|0.259|0.529|0.233|0.485|0.346|0.498|0.348|0.379|0.351|0.308|0.356|0.257|0.384|0.506|0.405|0.395|0.420|0.335|0.434|0.295|0.417|0.529|0.444|0.438|0.459|0.390|0.470|0.360|0.444|0.559|0.464|0.487|0.475|0.450|0.484|0.423|0.0|0.0|0.0|0.0|0.0|0.0|0.0|0.0|0.0|0.0|0.0|0.0|0.0|0.0|0.0|0.0|0.0|0.0|0.0|0.0|0.0|0.0|0.0|0.0|0.0|0.0|0.0|0.0|0.0|0.0|0.0|0.0|0.0|0.0|0.0|0.0|0.0|0.0|0.0|0.0|0.0|0.0|
0.352|0.720|0.303|0.672|0.270|0.593|0.245|0.525|0.219|0.485|0.326|0.501|0.330|0.379|0.335|0.308|0.343|0.258|0.364|0.508|0.387|0.401|0.400|0.351|0.412|0.323|0.399|0.530|0.426|0.444|0.435|0.416|0.438|0.408|0.428|0.556|0.447|0.481|0.453|0.456|0.455|0.443|0.0|0.0|0.0|0.0|0.0|0.0|0.0|0.0|0.0|0.0|0.0|0.0|0.0|0.0|0.0|0.0|0.0|0.0|0.0|0.0|0.0|0.0|0.0|0.0|0.0|0.0|0.0|0.0|0.0|0.0|0.0|0.0|0.0|0.0|0.0|0.0|0.0|0.0|0.0|0.0|0.0|0.0|
0.340|0.743|0.293|0.681|0.267|0.593|0.254|0.518|0.241|0.464|0.319|0.519|0.325|0.420|0.331|0.370|0.334|0.335|0.357|0.532|0.381|0.445|0.386|0.411|0.387|0.391|0.390|0.558|0.413|0.481|0.415|0.458|0.413|0.450|0.417|0.586|0.429|0.527|0.428|0.506|0.426|0.498|0.0|0.0|0.0|0.0|0.0|0.0|0.0|0.0|0.0|0.0|0.0|0.0|0.0|0.0|0.0|0.0|0.0|0.0|0.0|0.0|0.0|0.0|0.0|0.0|0.0|0.0|0.0|0.0|0.0|0.0|0.0|0.0|0.0|0.0|0.0|0.0|0.0|0.0|0.0|0.0|0.0|0.0|
END
START
0.328|0.913|0.382|0.848|0.427|0.757|0.459|0.681|0.488|0.628|0.391|0.620|0.408|0.512|0.414|0.444|0.419|0.387|0.348|0.608|0.345|0.481|0.342|0.405|0.340|0.345|0.307|0.617|0.294|0.496|0.288|0.426|0.285|0.371|0.269|0.649|0.246|0.563|0.233|0.510|0.224|0.461|0.688|0.742|0.637|0.705|0.608|0.626|0.592|0.560|0.574|0.511|0.655|0.509|0.643|0.410|0.639|0.347|0.638|0.298|0.692|0.502|0.700|0.392|0.705|0.321|0.709|0.268|0.726|0.514|0.741|0.410|0.748|0.347|0.752|0.299|0.757|0.540|0.779|0.462|0.789|0.412|0.796|0.372|
0.334|0.820|0.398|0.753|0.441|0.661|0.470|0.596|0.503|0.560|0.394|0.520|0.408|0.421|0.412|0.359|0.416|0.305|0.355|0.510|0.350|0.399|0.347|0.326|0.346|0.263|0.319|0.521|0.307|0.418|0.301|0.353|0.298|0.296|0.286|0.552|0.262|0.479|0.247|0.430|0.235|0.383|0.712|0.713|0.656|0.675|0.622|0.592|0.606|0.528|0.583|0.485|0.664|0.463|0.649|0.374|0.642|0.319|0.639|0.275|0.702|0.450|0.705|0.346|0.707|0.282|0.707|0.233|0.736|0.457|0.750|0.362|0.754|0.307|0.756|0.262|0.766|0.480|0.786|0.407|0.794|0.363|0.799|0.325|
0.339|0.805|0.401|0.753|0.444|0.665|0.473|0.597|0.505|0.560|0.393|0.520|0.407|0.420|0.414|0.360|0.420|0.309|0.353|0.510|0.347|0.393|0.345|0.321|0.344|0.264|0.318|0.523|0.306|0.413|0.301|0.350|0.297|0.300|0.288|0.554|0.263|0.478|0.248|0.428|0.235|0.383|0.718|0.720|0.659|0.682|0.623|0.595|0.605|0.530|0.582|0.487|0.663|0.465|0.648|0.374|0.642|0.318|0.640|0.273|0.702|0.452|0.707|0.345|0.709|0.280|0.710|0.232|0.737|0.459|0.750|0.362|0.754|0.307|0.756|0.264|0.766|0.482|0.786|0.409|0.795|0.365|0.801|0.328|
0.345|0.799|0.404|0.752|0.447|0.662|0.475|0.596|0.502|0.563|0.398|0.517|0.411|0.420|0.417|0.362|0.420|0.313|0.358|0.506|0.353|0.390|0.353|0.320|0.351|0.265|0.323|0.517|0.311|0.410|0.307|0.347|0.305|0.298|0.291|0.547|0.267|0.475|0.252|0.427|0.240|0.384|0.728|0.751|0.667|0.708|0.630|0.620|0.611|0.553|0.587|0.508|0.676|0.491|0.661|0.396|0.653|0.338|0.649|0.291|0.713|0.477|0.715|0.365|0.716|0.297|0.718|0.246|0.747|0.485|0.756|0.380|0.760|0.321|0.763|0.274|0.777|0.509|0.794|0.434|0.802|0.388|0.809|0.350|
0.343|0.796|0.403|0.752|0.445|0.661|0.475|0.595|0.505|0.568|0.396|0.517|0.411|0.420|0.417|0.362|0.422|0.314|0.358|0.506|0.353|0.391|0.353|0.321|0.352|0.266|0.323|0.517|0.312|0.411|0.309|0.349|0.305|0.301|0.291|0.547|0.267|0.475|0.253|0.428|0.242|0.385|0.728|0.759|0.667|0.718|0.631|0.630|0.612|0.563|0.587|0.518|0.674|0.492|0.659|0.396|0.652|0.338|0.649|0.290|0.713|0.479|0.716|0.367|0.717|0.299|0.720|0.245|0.748|0.486|0.758|0.383|0.762|0.324|0.765|0.277|0.779|0.511|0.797|0.436|0.806|0.389|0.812|0.350|
0.341|0.796|0.401|0.754|0.443|0.662|0.474|0.597|0.504|0.568|0.395|0.518|0.411|0.422|0.418|0.364|0.424|0.316|0.357|0.507|0.352|0.393|0.352|0.321|0.351|0.266|0.323|0.518|0.312|0.412|0.309|0.350|0.306|0.301|0.291|0.548|0.267|0.477|0.252|0.429|0.240|0.386|0.726|0.767|0.667|0.724|0.630|0.633|0.611|0.565|0.588|0.518|0.674|0.494|0.659|0.397|0.652|0.337|0.649|0.289|0.713|0.481|0.716|0.368|0.718|0.300|0.719|0.246|0.749|0.489|0.761|0.385|0.764|0.325|0.766|0.278|0.780|0.515|0.800|0.439|0.810|0.392|0.817|0.353|
0.338|0.802|0.396|0.758|0.438|0.674|0.466|0.607|0.497|0.573|0.393|0.527|0.407|0.430|0.414|0.373|0.418|0.324|0.355|0.515|0.351|0.400|0.349|0.329|0.346|0.275|0.319|0.525|0.310|0.418|0.305|0.358|0.301|0.312|0.286|0.555|0.261|0.482|0.246|0.435|0.235|0.393|0.724|0.777|0.665|0.731|0.628|0.637|0.609|0.569|0.585|0.522|0.672|0.497|0.658|0.397|0.652|0.334|0.650|0.283|0.713|0.486|0.718|0.368|0.721|0.295|0.724|0.238|0.750|0.496|0.763|0.388|0.768|0.325|0.771|0.274|0.783|0.525|0.804|0.447|0.814|0.396|0.821|0.353|
0.329|0.808|0.388|0.769|0.432|0.681|0.462|0.615|0.493|0.586|0.384|0.537|0.401|0.441|0.409|0.382|0.416|0.335|0.347|0.525|0.345|0.408|0.345|0.336|0.344|0.280|0.312|0.535|0.304|0.426|0.301|0.363|0.299|0.315|0.280|0.564|0.257|0.489|0.243|0.440|0.232|0.396|0.720|0.783|0.661|0.738|0.624|0.642|0.605|0.571|0.578|0.525|0.666|0.499|0.651|0.397|0.644|0.334|0.641|0.283|0.706|0.488|0.709|0.366|0.711|0.293|0.714|0.237|0.744|0.498|0.754|0.387|0.759|0.322|0.763|0.271|0.778|0.526|0.798|0.446|0.810|0.397|0.819|0.355|
0.328|0.813|0.384|0.768|0.426|0.685|0.455|0.620|0.484|0.582|0.381|0.542|0.395|0.448|0.403|0.391|0.409|0.343|0.344|0.530|0.342|0.415|0.342|0.344|0.341|0.288|0.310|0.540|0.301|0.432|0.298|0.369|0.296|0.320|0.277|0.570|0.255|0.494|0.241|0.445|0.230|0.400|0.709|0.792|0.653|0.744|0.617|0.648|0.597|0.578|0.571|0.528|0.659|0.504|0.645|0.398|0.637|0.333|0.633|0.281|0.699|0.494|0.701|0.369|0.703|0.292|0.705|0.234|0.735|0.505|0.746|0.389|0.750|0.322|0.753|0.268|0.769|0.534|0.789|0.451|0.800|0.399|0.808|0.354|
0.0|0.0|0.0|0.0|0.0|0.0|0.0|0.0|0.0|0.0|0.0|0.0|0.0|0.0|0.0|0.0|0.0|0.0|0.0|0.0|0.0|0.0|0.0|0.0|0.0|0.0|0.0|0.0|0.0|0.0|0.0|0.0|0.0|0.0|0.0|0.0|0.0|0.0|0.0|0.0|0.0|0.0|0.599|0.864|0.560|0.764|0.551|0.645|0.566|0.562|0.581|0.506|0.579|0.553|0.585|0.452|0.552|0.509|0.534|0.566|0.613|0.560|0.616|0.466|0.578|0.534|0.559|0.593|0.651|0.582|0.652|0.501|0.613|0.568|0.595|0.624|0.693|0.620|0.694|0.550|0.658|0.593|0.641|0.634|
0.0|0.0|0.0|0.0|0.0|0.0|0.0|0.0|0.0|0.0|0.0|0.0|0.0|0.0|0.0|0.0|0.0|0.0|0.0|0.0|0.0|0.0|0.0|0.0|0.0|0.0|0.0|0.0|0.0|0.0|0.0|0.0|0.0|0.0|0.0|0.0|0.0|0.0|0.0|0.0|0.0|0.0|0.583|0.874|0.534|0.775|0.518|0.665|0.527|0.593|0.541|0.543|0.553|0.573|0.565|0.470|0.533|0.524|0.519|0.581|0.584|0.577|0.591|0.476|0.554|0.545|0.538|0.605|0.618|0.593|0.617|0.504|0.580|0.572|0.565|0.630|0.654|0.623|0.650|0.546|0.616|0.589|0.603|0.634|
END
